GW150914
------------
freq_H:100.25
freq_L:115.34375
time_H:15.999688014355106
error_H:0.001013881283912879
time_L:16.000481447209072
error_L:0.000842053295119309
error_total:0.2378651855483698

LVT151012
------------
freq_H:75.8125
freq_L:94.21875
time_H:15.999373123138552
error_H:0.0008541026521022271
time_L:15.999562832083729
error_L:0.0010740061516684865
error_total:0.05687331097920093

GW151226
------------
freq_H:74.15625
freq_L:107.0625
time_H:16.000214914383722
error_H:0.0013627868379505236
time_L:15.999898591584506
error_L:0.00034421529998056636
error_total:0.09483118949854026

GW170104
------------
freq_H:93.71875
freq_L:76.25
time_H:15.999226133700514
error_H:0.001670772843416269
time_L:15.99990718282719
error_L:0.0012676170467395332
error_total:0.2041733917050156